0 2.58298205256228 1.94288088007201 2.63091226810946 4.1363495968868 2.95602120759617 4.547589783286 2.1435019374439 2.74571654794525 3.76108883928001 2.65995671730424 2.36258251357395
2.58298205256228 0 3.41304043675957 3.47977803468599 2.8442691187308 2.54109792772374 3.58298793100881 1.952083824915 2.95675016915758 2.95931519561226 1.87089287839016 2.09748333406781
1.94288088007201 3.41304043675957 0 1.94195033967473 3.52154348402094 3.61422797733452 3.89554208723358 2.60528096574526 3.42204531000622 3.11259202650446 3.44987756099892 2.31193609029485
2.63091226810946 3.47977803468599 1.94195033967473 0 2.9687402836919 3.09006226383492 4.55727675314543 2.1641132616079 3.25560838817237 2.46138108308615 2.84706131204755 2.57603956091903
4.1363495968868 2.8442691187308 3.52154348402094 2.9687402836919 0 3.55806228521287 3.02278023294675 2.88851182828382 4.17570403126912 1.33269486873615 3.08626008753978 2.52962500142279
2.95602120759617 2.54109792772374 3.61422797733452 3.09006226383492 3.55806228521287 0 4.09410638027877 1.70478424753481 1.33192171476579 2.70392850698289 0.989495013471749 2.37245642065626
4.547589783286 3.58298793100881 3.89554208723358 4.55727675314543 3.02278023294675 4.09410638027877 0 4.07713319318125 4.52397112956959 2.77443822269558 3.98695618018836 2.56767073340445
2.1435019374439 1.952083824915 2.60528096574526 2.1641132616079 2.88851182828382 1.70478424753481 4.07713319318125 0 1.66210381256315 2.4809271919347 1.5531298144264 2.22074202385764
2.74571654794525 2.95675016915758 3.42204531000622 3.25560838817237 4.17570403126912 1.33192171476579 4.52397112956959 1.66210381256315 0 3.39459801559312 2.0319416741577 2.97054055086891
3.76108883928001 2.95931519561226 3.11259202650446 2.46138108308615 1.33269486873615 2.70392850698289 2.77443822269558 2.4809271919347 3.39459801559312 0 2.48679793451235 1.9444765439312
2.65995671730424 1.87089287839016 3.44987756099892 2.84706131204755 3.08626008753978 0.989495013471749 3.98695618018836 1.5531298144264 2.0319416741577 2.48679793451235 0 1.96275116057522
2.36258251357395 2.09748333406781 2.31193609029485 2.57603956091903 2.52962500142279 2.37245642065626 2.56767073340445 2.22074202385764 2.97054055086891 1.9444765439312 1.96275116057522 0
